1520530858.854706764 0.000000007 -0.000000015 -0.000000041 -0.000000015 0.000000001 0.000000001 1.000000000
1520530858.904612780 0.008117334 -0.054203220 -0.005602747 0.002872469 -0.011612238 -0.010378683 -0.999874651
1520530858.954613686 0.014162892 -0.109449901 -0.014057965 0.008337082 -0.021891456 -0.023991236 -0.999437690
1520530859.004615784 0.047722280 -0.163443968 -0.015125039 0.004872663 -0.031438734 -0.039695080 -0.998705328
1520530859.054617882 0.069033161 -0.203889817 -0.024610059 0.001056010 -0.040621329 -0.056239258 -0.997590125
1520530859.104618788 0.096683502 -0.245811880 0.005011236 -0.014173005 -0.045362368 -0.063632086 -0.996841252
1520530859.154594898 0.112719581 -0.288209945 0.040119432 0.026290642 0.049631752 0.079129882 0.995280921
1520530859.204596043 0.126552701 -0.325132132 0.039278731 0.017595788 0.051542461 0.097226977 0.993770957
1520530859.254597902 0.157140136 -0.366052806 0.041182972 0.006733872 0.048860937 0.121166989 0.991406024
1520530859.304598808 0.182304412 -0.402998358 0.032485679 -0.001977065 0.044092949 0.150696084 0.987594366
1520530859.354600906 0.220523655 -0.431663275 0.038270455 -0.004575225 0.044049881 0.175131679 0.983548522
1520530859.404602766 0.271457434 -0.492907166 0.060422160 0.002561645 0.052109674 0.199417487 0.978524804
1520530859.454603672 0.293428749 -0.522121668 0.060581937 0.003839903 0.057302445 0.225175977 0.972624004
1520530859.504606009 0.332916737 -0.549926639 0.062708907 0.004327451 0.059631705 0.247020096 0.967164159
1520530859.554533005 0.373913050 -0.575170636 0.060841098 0.002300000 0.061135780 0.274047762 0.959768236
1520530859.604535103 0.409821779 -0.594494820 0.068493187 0.007044284 0.061793223 0.306735367 0.949760735
1520530859.654536009 0.446880072 -0.607374668 0.066070229 0.011440218 0.063159414 0.341587603 0.937655628
1520530859.704538107 0.536613107 -0.656925678 0.080687702 0.010470062 0.068471834 0.379156172 0.922736466
1520530859.754539013 0.575266659 -0.669753432 0.087556265 0.006302195 0.072274543 0.414670050 0.907075226
1520530859.804542065 0.617937565 -0.671156526 0.098818898 0.003906421 0.076190755 0.443804830 0.892870128
1520530859.854543209 0.661640406 -0.680867672 0.095121674 -0.001605704 0.081156380 0.471150577 0.878309906
1520530859.904544115 0.702181101 -0.686637163 0.099597126 -0.003629201 0.088969529 0.495901495 0.863801539
1520530859.954867601 0.792472303 -0.691478491 0.087838002 -0.007522650 0.092871964 0.515077472 0.852064252
1520530860.004869699 0.834472477 -0.694605708 0.086581439 -0.009440948 0.097770251 0.532297790 0.840839446
1520530860.054871559 0.881159782 -0.696202040 0.085545518 -0.013766189 0.099356972 0.544664979 0.832633734
1520530860.104873657 0.932500958 -0.693065584 0.088475853 -0.012708277 0.099091761 0.559318423 0.822910905
1520530860.154873610 0.976152122 -0.685656786 0.104035974 -0.005313488 0.107200935 0.572145522 0.813098550
1520530860.204875469 1.052245617 -0.700562835 0.103852913 -0.008916631 0.116497926 0.583867788 0.803397298
1520530860.254876614 1.098913193 -0.698427379 0.116294906 -0.013747181 0.121318497 0.595525205 0.794004202
1520530860.304878473 1.139965057 -0.686649263 0.121120572 -0.020515192 0.117375799 0.613511622 0.780644357
1520530860.355013609 1.189393401 -0.677442908 0.128810883 -0.025270499 0.112136208 0.636564255 0.762609243
1520530860.405015469 1.240423918 -0.663807511 0.121346787 -0.028923251 0.110270508 0.656883836 0.745323777
1520530860.455060720 1.299713850 -0.645362020 0.108494788 -0.031831324 0.114393108 0.675541580 0.727698207
1520530860.505018711 1.346513748 -0.631368756 0.099938601 -0.030693533 0.122246042 0.694052398 0.708805442
1520530860.555019617 1.396528244 -0.604778528 0.094601646 -0.030682595 0.126660138 0.710619926 0.691400945
1520530860.605021715 1.452215791 -0.580402017 0.086686730 -0.031400636 0.125483498 0.727593720 0.673702776
1520530860.655023575 1.500231385 -0.556336641 0.082621291 -0.029201725 0.123607308 0.747430861 0.652085602
1520530860.705024719 1.543776155 -0.526006341 0.083590463 -0.023846820 0.126047969 0.768801153 0.626488745
1520530860.754849911 1.591650605 -0.482489109 0.077790171 -0.022615725 0.133362263 0.786488116 0.602610648
1520530860.804851055 1.628477573 -0.447785497 0.073293805 -0.021821588 0.140468493 0.806044161 0.574530423
1520530860.854852915 1.663235188 -0.415689468 0.079136521 -0.018015364 0.144118384 0.825240672 0.545786798
1520530860.904853821 1.692294121 -0.371634245 0.077648252 -0.021815244 0.144315869 0.838514030 0.524967849
1520530860.954855919 1.729633331 -0.334370613 0.076113850 -0.029219851 0.140794352 0.850811601 0.505413592
1520530861.004857779 1.753688097 -0.291289330 0.065892875 -0.034497730 0.138651028 0.860479236 0.489041239
1520530861.054858685 1.788125157 -0.257096291 0.064941287 -0.033642877 0.141514033 0.870051563 0.471012026
1520530861.104861021 1.825031996 -0.213338375 0.053144127 -0.036264725 0.145739317 0.877434313 0.455581099
1520530861.154861927 1.856907725 -0.175667286 0.050425470 -0.035137702 0.149643749 0.884522617 0.440445155
1520530861.204705715 1.889942765 -0.130309820 0.040773779 -0.037754510 0.151653036 0.889532924 0.429310143
1520530861.254708052 1.917474627 -0.091318369 0.040994138 -0.035225932 0.156847596 0.895016372 0.416057497
1520530861.304708958 1.965522766 -0.015752316 0.033944726 -0.036093544 0.161629364 0.900807917 0.401395708
1520530861.354710102 1.990343451 0.029707193 0.035962880 -0.039829560 0.160751149 0.905766785 0.390075952
1520530861.404711962 2.010541677 0.073268652 0.037966520 -0.045815315 0.154579431 0.910238981 0.381406903
1520530861.454713821 2.031280518 0.118561983 0.036086321 -0.047569405 0.149394751 0.916820705 0.367230535
1520530861.504714966 2.050873041 0.165197849 0.030099392 -0.044674102 0.148726299 0.924336612 0.348549187
1520530861.554716825 2.070482254 0.213597775 0.020362735 -0.041006941 0.151655883 0.930548906 0.330753148
1520530861.604568005 2.099681616 0.271600485 0.003848732 -0.038385194 0.154571623 0.935369909 0.315780610
1520530861.654568911 2.119222641 0.324142218 -0.008347780 -0.037437569 0.154930860 0.939827681 0.302190214
1520530861.704571247 2.138088226 0.378864527 -0.018464565 -0.040809695 0.152877420 0.944649935 0.287401408
1520530861.754571915 2.154425144 0.432308435 -0.025942534 -0.045768943 0.150397614 0.949496925 0.271553874
1520530861.804574013 2.168445826 0.486526251 -0.031468123 -0.047576342 0.151270583 0.954731762 0.251676559
1520530861.854575157 2.178371191 0.541574240 -0.035299540 -0.046330784 0.158474833 0.959933460 0.226422027
1520530861.904577017 2.183198690 0.596909046 -0.037626237 -0.046227708 0.167371452 0.964782715 0.197595969
1520530861.954577923 2.183415651 0.652210355 -0.039560795 -0.045793556 0.173060387 0.969423890 0.167840526
1520530862.004641056 2.186790466 0.708024859 -0.050793216 -0.046287406 0.174696937 0.973438144 0.140558600
1520530862.054642200 2.182456017 0.763896704 -0.058274850 -0.049856950 0.173686877 0.976472914 0.117676996
1520530862.104644060 2.178167343 0.820816398 -0.070520297 -0.054209080 0.171817303 0.978946090 0.095941126
1520530862.154645205 2.173371792 0.876630425 -0.086094059 -0.058488347 0.172281653 0.980375826 0.075904220
1520530862.204647064 2.167764187 0.931971312 -0.102693751 -0.060953971 0.175866231 0.980744421 0.059127927
1520530862.254649162 2.161573887 0.987677932 -0.117564723 -0.061803844 0.179133818 0.980869532 0.044568684
1520530862.304650307 2.154303789 1.044062734 -0.128609240 -0.059110872 0.179028854 0.981580317 0.030899940
1520530862.354652166 2.152359724 1.092594862 -0.142849028 -0.053010628 0.177951798 0.982458651 0.017266292
1520530862.404806614 2.142808676 1.151076913 -0.147749573 -0.049738213 0.182697996 0.981900930 0.004264688
1520530862.454808474 2.133523941 1.207599640 -0.149668798 -0.053015567 0.188660622 0.980603039 -0.003783275
1520530862.504809618 2.124946594 1.262741446 -0.148391381 -0.055198196 0.191052705 0.979972064 -0.010337282
1520530862.554811716 2.116064310 1.316991091 -0.142950863 -0.055412952 0.188946053 0.980192661 -0.021244079
1520530862.604813576 2.106011629 1.372010708 -0.133773163 -0.057904229 0.182164803 0.980958641 -0.034399331
1520530862.654814720 2.094163179 1.429008842 -0.121428579 -0.060169641 0.169531345 0.982517481 -0.047939520
1520530862.704816580 2.086665630 1.463092327 -0.114324756 -0.061391737 0.150152817 0.984906495 -0.060369637
1520530862.754817486 2.069856167 1.523110509 -0.096056424 -0.061362136 0.127744779 0.987111211 -0.074347399
1520530862.804625988 2.049201727 1.581995249 -0.073722720 -0.059997115 0.105392158 0.988395214 -0.091476016
1520530862.854626894 2.024676323 1.638149023 -0.046018369 -0.058783513 0.083289415 0.988766372 -0.109308779
1520530862.904628754 1.996935844 1.690501571 -0.014036268 -0.061214928 0.056411464 0.988739431 -0.124357864
1520530862.954629898 1.959306240 1.755779147 0.029682890 -0.063581653 0.025706302 0.987394631 -0.142647907
1520530863.004631758 1.941739082 1.757874131 0.050651312 0.062256631 0.006000123 -0.984338462 0.164821059
1520530863.054633617 1.901216030 1.787079692 0.088901311 -0.061987750 -0.032317121 0.979335070 -0.189779028
1520530863.104634762 1.857602596 1.808534503 0.122664273 -0.060413200 -0.050374046 0.973418713 -0.215101585
1520530863.154636860 1.811567068 1.823720574 0.148882851 -0.057998851 -0.061376128 0.967692554 -0.237571687
1520530863.204078913 1.763778448 1.833315492 0.165807456 -0.052559465 -0.068751343 0.961068928 -0.262406826
1520530863.254079819 1.713574409 1.837170839 0.172545671 -0.045337815 -0.072923221 0.952831507 -0.291099399
1520530863.304081678 1.670463324 1.825252056 0.168338165 0.041444108 0.073436067 -0.944228351 0.318311870
1520530863.354083776 1.619810820 1.816894174 0.153816134 -0.037019737 -0.069091506 0.936532497 -0.341705710
1520530863.404084682 1.568787813 1.803778529 0.129970700 -0.033457387 -0.057229590 0.929825306 -0.361981094
1520530863.454085588 1.518076181 1.786230445 0.099311292 -0.033875991 -0.039175220 0.923716784 -0.379559070
1520530863.504087925 1.467972040 1.763990164 0.064191438 -0.036604173 -0.015910188 0.917744458 -0.395160943
1520530863.554088593 1.431798935 1.727595210 0.018165886 0.041938640 -0.009130398 -0.910939813 0.410300404
1520530863.604090691 1.385681868 1.694980025 -0.022248432 -0.046069823 0.037451170 0.902609825 -0.426345557
1520530863.653908968 1.342040539 1.658395052 -0.062811881 -0.047770392 0.069970407 0.891328156 -0.445372134
1520530863.704003811 1.299984455 1.618719935 -0.102077022 -0.048537262 0.106970973 0.876508057 -0.466835141
1520530863.753911734 1.272771955 1.571625471 -0.140294120 -0.051437765 0.142618641 0.860055625 -0.487153441
1520530863.803914070 1.234087944 1.525614142 -0.172607183 -0.057081949 0.171409920 0.842943966 -0.506760180
1520530863.853915930 1.205819845 1.483348131 -0.202423781 -0.063985586 0.191247478 0.826317489 -0.525860965
1520530863.903916836 1.169730663 1.433730483 -0.227332592 -0.074400328 0.202587098 0.810026288 -0.545234382
1520530863.953918934 1.131550908 1.382632971 -0.248200655 -0.086042285 0.212545246 0.793475986 -0.563752830
1520530864.003919840 1.094818711 1.330921054 -0.264368862 -0.094015397 0.223557830 0.775437117 -0.582992613
1520530864.054670811 1.063083887 1.280934095 -0.274746001 -0.098412097 0.231455311 0.755798399 -0.604576230
1520530864.104672909 1.020912170 1.230035782 -0.276606590 -0.098932236 0.233070821 0.735544622 -0.628382564
1520530864.154673815 0.976204038 1.181391716 -0.270576894 -0.093452387 0.230630338 0.715940773 -0.652307570
1520530864.204676151 0.929562092 1.135908842 -0.256360263 -0.081756003 0.223989114 0.698982179 -0.674217165
1520530864.254677057 0.881641507 1.093494892 -0.234528273 -0.062681220 0.214736164 0.683253944 -0.695070922
1520530864.304678917 0.833095074 1.054344535 -0.206245750 -0.040400606 0.203209758 0.668624938 -0.714152813
1520530864.354680061 0.784519792 1.019249439 -0.172087133 -0.019249883 0.189230397 0.657431781 -0.729112387
1520530864.404681921 0.743855059 0.972055674 -0.141539171 -0.005486734 -0.178691760 -0.645495355 0.742546260
1520530864.455241680 0.701515675 0.943701923 -0.096996054 -0.036596857 -0.170440614 -0.632774949 0.754457772
1520530864.505243540 0.663640797 0.920303822 -0.050292999 0.068683572 0.155865312 0.621185958 -0.764929175
1520530864.555244446 0.627619684 0.901839077 -0.003312156 0.101317957 0.134733811 0.612978518 -0.771906018
1520530864.605246782 0.592930317 0.888793290 0.042126138 0.132149115 0.110128745 0.610961437 -0.772744775
1520530864.655248642 0.560042977 0.881453753 0.084632218 0.161339372 0.086397618 0.612483978 -0.769004881
1520530864.705250502 0.528291762 0.879906118 0.123002946 0.186177745 0.063213512 0.617509842 -0.761592805
1520530864.755251646 0.497439325 0.884523809 0.156943396 0.204121977 0.040665377 0.628428817 -0.749504983
1520530864.805252552 0.469012827 0.894692659 0.186799645 0.216963440 0.022162482 0.641825557 -0.735184073
1520530864.854247332 0.443723321 0.910147786 0.212186754 0.224815562 0.007954457 0.657386303 -0.719192624
1520530864.904249668 0.419799060 0.930747628 0.233399689 0.231720299 -0.000055048 0.673734725 -0.701703131
1520530864.954250574 0.431961656 0.959967136 0.245806664 -0.235125065 0.001486835 -0.690753043 0.683794081
1520530865.004252434 0.414391339 0.989581585 0.252243072 0.234324485 0.002745117 0.712064087 -0.661852896
1520530865.054254532 0.400663853 1.023166060 0.248963416 0.230659127 0.008949419 0.736428797 -0.635915935
1520530865.104255438 0.391446769 1.059804797 0.235666126 0.224843323 0.014698532 0.763140500 -0.605678260
1520530865.154261589 0.388130307 1.097792506 0.213089436 0.216790304 0.020112270 0.787856042 -0.576090574
1520530865.204258442 0.391349316 1.136552453 0.182242244 0.203222111 0.026444484 0.811859012 -0.546705067
1520530865.253918886 0.401657343 1.174648762 0.144834042 0.183286071 0.037167370 0.835356116 -0.516918778
1520530865.303959131 0.434951901 1.198264837 0.097624063 -0.161990151 -0.054676451 -0.854510725 0.490490735
1520530865.353922844 0.462075114 1.233462334 0.052567482 0.140318245 0.077179588 0.868931890 -0.468307227
1520530865.403923988 0.496318936 1.267344832 0.005616993 0.119035482 0.104116105 0.879568875 -0.448719352
1520530865.453925848 0.537465692 1.299947023 -0.042540848 0.098992825 0.134287626 0.887114406 -0.430343270
1520530865.503926992 0.585314870 1.320088387 -0.094059974 0.080338784 0.165899232 0.892152369 -0.412416488
1520530865.553928852 0.639498115 1.350424290 -0.141728550 0.063576691 0.197222248 0.895912886 -0.392939687
1520530865.603929758 0.699724197 1.380245686 -0.187662795 0.050189961 0.225572243 0.899241388 -0.371433973
1520530865.653932095 0.777366638 1.419221044 -0.234900370 0.038541459 0.248738721 0.901871502 -0.351100445
1520530865.704600573 0.849681020 1.449485779 -0.272223443 0.028009411 0.269482762 0.903980374 -0.330777973
1520530865.754602671 0.925267220 1.479244709 -0.302513242 0.017127153 0.288832486 0.905791640 -0.309554666
1520530865.804604769 1.003886938 1.509685636 -0.325583190 0.002470866 0.304594755 0.908649087 -0.285609573
1520530865.854605675 1.079060078 1.527964115 -0.342759728 -0.016889803 0.315443486 0.913638115 -0.255882055
1520530865.904607773 1.159708023 1.558587432 -0.349034518 -0.034029584 0.323700339 0.919081211 -0.222148508
1520530865.954608679 1.237602472 1.588544369 -0.344966412 -0.048551142 0.329026014 0.924179852 -0.187819883
1520530866.004610538 1.310385227 1.607502103 -0.333342493 -0.062914580 0.330315828 0.928782642 -0.155871883
1520530866.054612637 1.374783993 1.635805607 -0.309513867 -0.076719567 0.327336252 0.933184206 -0.127013087
1520530866.105678082 1.431356192 1.664586544 -0.275870830 -0.090804838 0.319534659 0.937937438 -0.099627189
1520530866.155680180 1.476578832 1.692587972 -0.233830780 -0.105762564 0.304109424 0.943802178 -0.074627608
1520530866.205681086 1.510204554 1.719908118 -0.183120489 -0.123043977 0.276629239 0.951513410 -0.054394528
1520530866.255683422 1.531169057 1.745611906 -0.125783741 -0.143472418 0.234508052 0.960545599 -0.042118214
1520530866.305685282 1.538974643 1.768031597 -0.065304421 -0.170833200 0.179743513 0.967932284 -0.040192559
1520530866.355687141 1.544238210 1.785874605 0.005911708 -0.192051888 0.122055404 0.972608268 -0.047453452
1520530866.405688286 1.514359951 1.797941089 0.051372528 -0.213641703 0.055766899 0.973212898 -0.064062044
1520530866.455689192 1.472008824 1.766411185 0.105062366 0.221380726 -0.000088080 -0.971314609 0.086825237
1520530866.504818439 1.433615208 1.762346983 0.147121429 0.215490445 0.049578723 -0.968193710 0.117075868
1520530866.554819345 1.392039537 1.754910111 0.179876864 -0.199790776 -0.095413074 0.962876201 -0.154432669
1520530866.604821205 1.345165730 1.738292933 0.205610454 -0.177695975 -0.139662296 0.953961551 -0.197170004
1520530866.654822350 1.296403170 1.715770721 0.223203599 -0.147872016 -0.180927038 0.941682220 -0.242144585
1520530866.704824209 1.241103649 1.672960281 0.232109249 0.114100531 0.213750094 -0.927149534 0.285807103
1520530866.754826307 1.191777945 1.639764309 0.233755559 0.080172867 0.232736751 -0.912081063 0.327893406
1520530866.804827452 1.141960382 1.599223137 0.227789342 -0.047121815 -0.236470506 0.897199690 -0.369991899
1520530866.854828358 1.093250275 1.556107879 0.215305954 -0.015963305 -0.226061463 0.882860482 -0.411337852
1520530866.903951168 1.036388516 1.493431449 0.201841950 -0.013379338 0.201185673 -0.867923200 0.453932554
1520530866.953953266 0.990022659 1.442172766 0.179458082 -0.038354758 0.162504032 -0.852578342 0.495208651
1520530867.003954172 0.944327235 1.384812713 0.153853163 0.052090123 -0.115018003 0.835094571 -0.535420060
1520530867.053956032 0.902185082 1.324262619 0.124430001 0.050272111 -0.064008534 0.816055000 -0.572214961
1520530867.103957176 0.864466369 1.259872913 0.090505816 0.034961630 -0.010759400 0.794941783 -0.605581999
1520530867.153959274 0.830719292 1.187124968 0.051128924 -0.013551706 -0.047767550 -0.770033956 0.636067927
1520530867.203960419 0.803416669 1.117750525 0.011548474 0.010844084 -0.107307591 -0.740183055 0.663699150
1520530867.253962278 0.781788945 1.047272921 -0.025876448 -0.033871993 0.162969202 0.707475603 -0.686856627
1520530867.304045200 0.757071853 0.969207764 -0.061374158 -0.054892804 0.208560824 0.673608065 -0.706923902
1520530867.354047298 0.744634926 0.900925577 -0.083374739 -0.070448473 0.246571794 0.639754713 -0.724536598
1520530867.404049158 0.735159755 0.836991727 -0.093183279 -0.081326179 0.277460784 0.607152998 -0.740112782
1520530867.454050303 0.725431859 0.777094305 -0.091438830 0.084729105 -0.302397728 -0.577078402 0.753894627
1520530867.504052162 0.718047142 0.727852046 -0.075540096 -0.078966990 0.319208384 0.553150952 -0.765437365
1520530867.554054260 0.710444033 0.688599885 -0.046839476 -0.065976351 0.327491075 0.533532023 -0.777007341
1520530867.604055405 0.702422500 0.660764515 -0.006323040 -0.047570821 0.324572742 0.518617749 -0.789572835
1520530867.654056311 0.694292068 0.644599915 0.043757141 -0.020528195 0.311982840 0.508875966 -0.802053988
1520530867.705262184 0.686327636 0.640294254 0.101680443 0.023124166 0.286078423 0.507459879 -0.812470913
1520530867.755264282 0.679850638 0.648089349 0.160466880 0.080987155 0.248230606 0.515888035 -0.815893471
1520530867.805265188 0.674506068 0.667203903 0.216917008 0.145082459 0.202827305 0.531763256 -0.809345484
1520530867.855267048 0.670743227 0.695810080 0.267486930 0.205771551 0.156604901 0.550225079 -0.793968081
1520530867.905269146 0.667766094 0.734768867 0.313345134 -0.251594037 -0.111993499 -0.575677097 0.769905090
1520530867.955270052 0.668976605 0.778862417 0.344875157 -0.281713903 -0.073329113 -0.607770264 0.738833845
1520530868.005272150 0.672844052 0.828560710 0.364282817 0.297308892 0.042137641 0.643824875 -0.703790784
1520530868.055273294 0.678798556 0.881240726 0.371876359 0.300859988 0.019426860 0.681039572 -0.667301238
1520530868.105275154 0.687535703 0.936031818 0.369271308 0.300495207 0.001340294 0.716078401 -0.630025864
1520530868.154267550 0.699006736 0.990178287 0.357556760 0.299285114 -0.015950767 0.749032915 -0.590866923
1520530868.204268456 0.713844657 1.044835091 0.336640954 0.294085503 -0.032120369 0.780315161 -0.550990283
1520530868.254269600 0.731822014 1.098758936 0.306881189 0.280382872 -0.044338193 0.809775829 -0.513500512
1520530868.304271698 0.759576440 1.163673162 0.263921440 0.256458312 -0.048720274 0.839240551 -0.477001965
1520530868.354272604 0.785743594 1.215569973 0.219279170 0.222255036 -0.044255309 0.866974652 -0.443845898
1520530868.404274702 0.817507029 1.265625119 0.169285476 0.181756869 -0.025261326 0.891855061 -0.413425893
1520530868.454276562 0.855300188 1.307247162 0.120336384 -0.142078623 -0.004292406 -0.911297679 0.386434734
1520530868.504277468 0.899133563 1.350972414 0.067986965 -0.109103560 -0.043107353 -0.925442934 0.360268712
1520530868.554019928 0.947191477 1.396464109 0.010659069 0.079396039 0.083675727 0.935888886 -0.332876384
1520530868.603940964 1.002170086 1.433011651 -0.045299932 0.048747558 0.120876819 0.943602800 -0.304345578
1520530868.653942823 1.060961723 1.469053507 -0.093955457 0.019349568 0.154294297 0.949138284 -0.273779869
1520530868.703943729 1.123338223 1.500393987 -0.137936354 -0.010467554 0.185006723 0.952515900 -0.241612494
1520530868.753945827 1.183878422 1.523590207 -0.176866412 -0.037454385 0.215799883 0.953076243 -0.208981737
1520530868.803946733 1.250197411 1.547685385 -0.207687601 -0.061110277 0.248011783 0.950767756 -0.175489083
1520530868.853948593 1.319133759 1.565001607 -0.235386476 -0.080488116 0.280904442 0.945892930 -0.141070813
1520530868.903949738 1.382954001 1.584083319 -0.248562112 -0.098649263 0.309929550 0.939833105 -0.104526721
1520530868.954710007 1.442981601 1.597573876 -0.253073364 -0.116019256 0.330041379 0.934504449 -0.065678544
1520530869.004712105 1.497863531 1.616019964 -0.244471580 -0.131726593 0.337372065 0.931662619 -0.028861510
1520530869.054713011 1.545908332 1.636403918 -0.223585695 -0.147527710 0.330916077 0.932043552 0.005004483
1520530869.104715109 1.585030913 1.658594728 -0.190252930 -0.159567639 0.312450260 0.935789108 0.034811236
1520530869.154716253 1.613049984 1.681671143 -0.145408392 -0.167250961 0.282627225 0.942840278 0.056579746
1520530869.204718113 1.629293919 1.704487801 -0.091969371 -0.173944145 0.242953584 0.951743722 0.070005991
1520530869.254719019 1.632656336 1.726128101 -0.033567563 -0.178081229 0.196342289 0.961371958 0.074166685
1520530869.304721117 1.623434663 1.745174170 0.026696108 -0.182656407 0.145072669 0.969871938 0.070278406
1520530869.355246305 1.619686007 1.758024216 0.096299306 -0.186565071 0.093818791 0.976055682 0.060883984
1520530869.405247211 1.577366233 1.779297590 0.156188160 -0.192442626 0.032858964 0.979893148 0.041176658
1520530869.455249071 1.516436100 1.744231343 0.192511082 0.187522620 0.030773358 -0.981664598 -0.014933085
1520530869.505250216 1.466204643 1.738014817 0.234044135 0.173434600 0.085447654 -0.980978310 0.017343594
1520530869.555252314 1.415079236 1.728235364 0.267397463 -0.153679386 -0.132038385 0.977808416 -0.053285439
1520530869.605253220 1.359140515 1.709871531 0.290001035 -0.127783254 -0.172862276 0.972438395 -0.090297826
1520530869.655255318 1.302480221 1.685382009 0.302260756 -0.094923325 -0.206528738 0.965100527 -0.130063519
1520530869.705257177 1.247062922 1.657478809 0.304692358 -0.058099978 -0.230136320 0.956529737 -0.169447899
1520530869.754108667 1.184130907 1.611492753 0.299400508 0.022706222 0.240046397 -0.948428094 0.205782354
1520530869.804110527 1.134416580 1.581739545 0.287166953 -0.010242134 0.234442264 -0.941755831 0.240889966
1520530869.854111671 1.087850094 1.549955606 0.270811677 0.039728064 -0.216919795 0.935767055 -0.275150210
1520530869.904113770 1.045813084 1.519567609 0.255623788 0.062655710 -0.197036803 0.929691851 -0.304834217
1520530869.954115629 1.008550167 1.490574837 0.244714051 0.082673103 -0.185880631 0.922102809 -0.329150438
1520530870.004116774 0.975801945 1.462934613 0.238212243 0.108066611 -0.184544683 0.911568463 -0.351152211
1520530870.054117680 0.947364688 1.436834335 0.233155727 0.133903056 -0.182071894 0.900692821 -0.371042311
1520530870.104119539 0.921799183 1.412441969 0.224293083 0.146615565 -0.159822211 0.894476652 -0.390988976
1520530870.153995752 0.881448030 1.375375390 0.205643237 -0.136750057 0.113225594 -0.893867612 0.411679745
1520530870.203977823 0.860398769 1.354156613 0.187495738 -0.111095071 0.053339221 -0.893592179 0.431631684
1520530870.253979683 0.843900800 1.336754084 0.168221548 0.078196056 0.007596890 0.890597165 -0.447955936
1520530870.303980827 0.830733538 1.320353985 0.148118839 0.043371789 0.064863779 0.884172022 -0.460599005
1520530870.353982687 0.821399808 1.306383610 0.128545538 0.008150080 0.119286366 0.875976026 -0.467301250
1520530870.403983593 0.805440664 1.287505150 0.104186520 -0.029393941 0.171793863 0.866714358 -0.467364132
1520530870.453985691 0.803133488 1.277673244 0.086802445 -0.067353614 0.221846402 0.855975986 -0.462117702
1520530870.503986597 0.803561449 1.269251347 0.071871445 -0.100757524 0.270065218 0.843389511 -0.453438938
1520530870.553988695 0.805651784 1.263341665 0.060978010 -0.129406393 0.307371676 0.832785785 -0.441864908
1520530870.604328632 0.801035047 1.254969954 0.051761210 -0.147168651 0.331265241 0.826564908 -0.430575520
1520530870.654329538 0.801850080 1.255204439 0.053031236 -0.152352437 0.332852662 0.829024017 -0.422749490
1520530870.704331636 0.801017284 1.257747531 0.061768770 -0.139889315 0.307177722 0.841734946 -0.421372950
1520530870.754332781 0.798872113 1.263211370 0.077363744 -0.111026987 0.253070414 0.863004744 -0.422908068
1520530870.804334641 0.797250867 1.269977808 0.098110609 -0.074594706 0.176629797 0.887399137 -0.419237733
1520530870.854335546 0.797212243 1.276495934 0.121370837 -0.041201979 0.089224063 0.909168541 -0.404665321
1520530870.904337645 0.804692388 1.283835888 0.146954969 -0.014092192 0.007940478 0.926472366 -0.376015216
1520530870.954338551 0.810531855 1.287030935 0.163877144 0.007707956 -0.055887349 0.940274894 -0.335708827
1520530871.005245209 0.818758130 1.290167928 0.184705570 0.018810857 -0.091602214 0.951673627 -0.292527944
1520530871.055247068 0.817660093 1.289762259 0.186310232 0.028167399 -0.098813981 0.961711645 -0.254073262
1520530871.105249166 0.807464957 1.279264450 0.189520895 -0.029570809 0.083468117 -0.969609797 0.228069261
1520530871.155250072 0.807847738 1.279256940 0.190293372 -0.027442897 0.056944370 -0.975032866 0.212873593
1520530871.205252171 0.809602261 1.282614946 0.188230038 0.024028342 -0.027130501 0.976570964 -0.212122232
1520530871.255253315 0.808109760 1.284975648 0.186091989 0.026427578 -0.000149849 0.970777929 -0.238520190
1520530871.305255175 0.806527019 1.286875844 0.185146645 0.039923150 0.023842966 0.953719318 -0.297081083
1520530871.355257034 0.808019161 1.289188743 0.184376106 0.050620902 0.045157235 0.926687837 -0.369659543
1520530871.404156685 0.812045097 1.292030573 0.183000863 0.050625697 0.062080380 0.895055234 -0.438701868
1520530871.454157829 0.817585468 1.294645190 0.180100769 0.044526290 0.077744529 0.857365608 -0.506850541
1520530871.504159689 0.831217766 1.299065351 0.174995854 0.035800412 0.087275468 0.815755546 -0.570652485
1520530871.554161549 0.832410932 1.301704288 0.171893239 0.029799094 0.095311619 0.771378756 -0.628492296
1520530871.604162931 0.842526078 1.290705562 0.169408679 0.028547846 0.101527952 0.724993467 -0.680633247
1520530871.654163599 0.849984169 1.288218141 0.157405287 -0.031648438 -0.107409805 -0.681892395 0.722830772
1520530871.704165936 0.856292129 1.290452123 0.149827331 -0.037562497 -0.114054985 -0.647729039 0.752348125
1520530871.754167795 0.864215672 1.298001766 0.144040957 0.043889169 0.122630142 0.627345085 -0.767772019
1520530871.804374456 0.869929671 1.310160875 0.137740269 0.047407232 0.133711115 0.629933596 -0.763582110
1520530871.854376793 0.873919129 1.328288674 0.132672668 0.049406689 0.143236756 0.658660889 -0.737026513
1520530871.904377699 0.877658844 1.350009561 0.129067123 0.052305602 0.146651506 0.704415917 -0.692499638
1520530871.954379559 0.882284582 1.373546600 0.127016157 0.058204155 0.142495960 0.755607188 -0.636682808
1520530872.004380703 0.887434721 1.397067308 0.126746953 0.064989075 0.125492379 0.805945873 -0.574873328
1520530872.054382563 0.893770456 1.418754220 0.128510475 0.071685083 0.097906202 0.849148929 -0.514025092
1520530872.104383469 0.901588917 1.437358618 0.133659631 0.073617630 0.062704600 0.881751776 -0.461695254
1520530872.154385567 0.916311622 1.451607823 0.139599055 -0.074139602 -0.026457569 -0.902877390 0.422629714
1520530872.204461336 0.924060345 1.465110183 0.148782939 -0.080764219 0.008261013 -0.914613962 0.396093845
1520530872.254462242 0.932214737 1.480989695 0.156560659 0.091134779 -0.044314150 0.921464264 -0.375012338
1520530872.304464102 0.942171097 1.494760036 0.164198533 0.102395825 -0.078430124 0.925230145 -0.356809586
1520530872.354465246 0.953758240 1.507543325 0.170329183 0.109208733 -0.105579168 0.926809251 -0.343440056
1520530872.404467106 0.965510607 1.518772244 0.173913226 0.091607317 -0.125592351 0.930732667 -0.331015825
1520530872.454468012 0.979672909 1.522091627 0.172558546 -0.046555605 0.142454982 -0.933211625 0.326581210
1520530872.504470348 0.987156868 1.527332306 0.171909779 0.015613672 0.156366393 -0.930614531 0.330548853
1520530872.554471254 0.992054462 1.529732466 0.169504195 -0.082267009 -0.164654776 0.920652151 -0.344268233
1520530872.604473114 0.992357969 1.530011654 0.167326629 -0.145728648 -0.169088617 0.904582858 -0.363183260
1520530872.654145956 0.993975639 1.525777936 0.162230313 -0.210326612 -0.176178426 0.883303225 -0.380130708
1520530872.704148054 0.994391084 1.516813278 0.155065238 -0.265088916 -0.184389606 0.858767807 -0.397801787
1520530872.754149199 0.994193077 1.504132986 0.145887554 -0.314665794 -0.196924433 0.830577374 -0.415147543
1520530872.804151058 0.993853092 1.487373352 0.134509325 -0.356994182 -0.209002048 0.799861014 -0.434851378
1520530872.854152203 0.993399620 1.467582345 0.120049000 -0.387875408 -0.213339567 0.770226240 -0.459119260
1520530872.904153109 0.992093682 1.444984913 0.103447676 -0.402871072 -0.203114271 0.744481862 -0.492124259
1520530872.954155922 0.991296768 1.420153737 0.086570859 -0.396908939 -0.177264228 0.729094088 -0.528642178
1520530873.004157066 0.987577140 1.389412642 0.059454918 0.375160664 0.141525552 -0.718426347 0.568408906
1520530873.054336071 0.987691283 1.359323263 0.046672940 0.338130355 0.102941588 -0.711559117 0.607251704
1520530873.104337931 0.987660706 1.332902670 0.039326847 -0.293931633 -0.065092415 0.708807707 -0.637933254
1520530873.154339075 0.987602949 1.306356668 0.034130752 -0.246073365 -0.026165584 0.709395409 -0.659940541
1520530873.204340935 0.987085283 1.283021212 0.031829774 -0.195622072 0.015172364 0.713395774 -0.672731936
1520530873.254342079 0.985218704 1.264370441 0.030763805 -0.142819181 0.058743760 0.718870699 -0.677773416
1520530873.304344177 0.983001709 1.250393867 0.030788213 -0.085022785 0.105082318 0.724285424 -0.676120937
1520530873.354346037 0.981337309 1.241853714 0.032031566 -0.024902552 0.152344912 0.729147553 -0.666719377
1520530873.404403925 0.980746508 1.239187956 0.033938274 0.036025964 0.196330190 0.733849168 -0.649324238
1520530873.454876423 0.981306016 1.243554831 0.034483172 0.089161098 0.232107341 0.742493033 -0.621997237
1520530873.504877329 0.982444823 1.255666494 0.029793613 -0.140813768 -0.263087600 -0.752775013 0.586759150
1520530873.554879189 0.986970544 1.271819353 0.024818271 -0.181211293 -0.283632010 -0.769675970 0.542507470
1520530873.604880333 0.996219158 1.291642785 0.018951774 0.211910814 0.295199394 0.791113377 -0.492027283
1520530873.654882193 1.007787466 1.316278219 0.008633554 0.230075836 0.295010626 0.816763043 -0.439240277
1520530873.704883337 1.022720456 1.344064593 -0.003998280 0.229824513 0.280881822 0.847151041 -0.388099611
1520530873.754885435 1.041790366 1.375646353 -0.016873956 0.214466855 0.254665792 0.878420770 -0.342821032
1520530873.804887295 1.059726000 1.405963421 -0.027554810 0.187448710 0.219586223 0.907605767 -0.304789484
1520530873.854907036 1.077245116 1.435279369 -0.034124613 0.153081194 0.175888628 0.932942390 -0.274313480
1520530873.904909372 1.092300415 1.461958170 -0.034590900 0.114208810 0.125392318 0.952417254 -0.253247917
1520530873.954910278 1.104044914 1.483950973 -0.029626191 0.073085725 0.072934225 0.965004623 -0.241050124
1520530874.004912138 1.112210751 1.499976993 -0.020764410 0.036126617 0.020718271 0.970431745 -0.237755895
1520530874.054913282 1.115454912 1.508333921 -0.006002247 0.008104665 -0.028094945 0.969242632 -0.244363859
1520530874.104915142 1.115817547 1.509518027 0.000095844 -0.014714773 -0.077479400 0.963626564 -0.255351216
1520530874.154917002 1.112788439 1.503712893 0.000641167 -0.029801244 -0.119115114 0.953427017 -0.275500536
1520530874.204918385 1.107768774 1.493119359 -0.003158808 -0.038036052 -0.154931158 0.942235947 -0.294518471
1520530874.254431486 1.100452662 1.477366209 -0.009486496 -0.038777310 -0.182635605 0.928983629 -0.319577843
1520530874.304432392 1.092798114 1.449111581 -0.025195628 0.033566482 0.200509354 -0.917147160 0.342797965
1520530874.354434252 1.084184885 1.427575111 -0.035430118 0.028458077 0.207389966 -0.909776092 0.358451009
1520530874.404436588 1.075461149 1.408722758 -0.046959594 -0.026765663 -0.206561670 0.906027317 -0.368416131
1520530874.454437494 1.064788222 1.389125586 -0.058655620 -0.028173111 -0.199918211 0.902833462 -0.379645616
1520530874.504439354 1.050954938 1.363341570 -0.073198706 -0.032320600 -0.189389095 0.898346305 -0.395045698
1520530874.554441452 1.038862228 1.340692997 -0.084454477 -0.031178212 -0.176215380 0.891552567 -0.416065037
1520530874.604442358 1.026994109 1.316424727 -0.095756300 -0.032084499 -0.160307035 0.884407282 -0.437145352
1520530874.654208660 1.015929341 1.292060971 -0.105445214 -0.036536820 -0.146648824 0.879500091 -0.451263517
1520530874.704210758 1.005089164 1.267708302 -0.112616926 -0.033538051 -0.130645111 0.877741873 -0.459756851
1520530874.754211903 0.994978189 1.242979288 -0.118591331 -0.034386419 -0.116772473 0.876354337 -0.466030985
1520530874.804213762 0.985632539 1.218920350 -0.122574002 -0.037025135 -0.107505374 0.876426995 -0.467918307
1520530874.854215622 0.974081993 1.193302870 -0.124254286 0.033579286 0.093606934 -0.875227273 0.473378748
1520530874.904216766 0.967695355 1.167697549 -0.124724135 0.034342248 0.078068629 -0.872631848 0.480873823
1520530874.954218864 0.963084221 1.143426180 -0.125000343 -0.037165549 -0.067698605 0.870740473 -0.485640556
1520530875.004220009 0.958435297 1.120062113 -0.122290164 -0.029273281 -0.060853984 0.870924532 -0.486755043
1520530875.054221869 0.953480601 1.098300457 -0.120180026 -0.023976548 -0.057899259 0.873922467 -0.482008636
1520530875.104334593 0.948315620 1.077157974 -0.118110970 -0.018212903 -0.057991628 0.877080441 -0.476482093
1520530875.154336691 0.943112850 1.056921244 -0.115479410 -0.008455039 -0.057788294 0.879752219 -0.471831590
1520530875.204337597 0.938079715 1.038646698 -0.114260301 -0.005381749 -0.055824190 0.881311893 -0.469195098
1520530875.254339695 0.932486653 1.021394849 -0.113799930 -0.004814737 -0.055631179 0.881329775 -0.469190687
1520530875.304340839 0.925930500 1.003833532 -0.113712139 -0.003039611 -0.055568531 0.878889561 -0.473767996
1520530875.354342699 0.916653156 0.987268031 -0.114514649 0.004369135 0.052689083 -0.875910461 0.479568332
1520530875.404344559 0.907276869 0.969710052 -0.117229745 0.009113066 0.040799372 -0.873204470 0.485557765
1520530875.454345703 0.898018956 0.951816082 -0.119945459 -0.016446225 -0.024802161 0.870494127 -0.491278231
